[(0.0, 0.0), (4.07142582140218, 0.0), (4.07142582140218, 4.07142582140218), (0.0, 4.07142582140218)],
[(0.0, 0.0), (2.4371080406594032, 0.0), (2.4371080406594032, 2.4371080406594032), (0.0, 2.4371080406594032)],
[(0.0, 0.0), (2.6325603201601098, 0.0), (2.6325603201601098, 2.6325603201601098), (0.0, 2.6325603201601098)],
[(0.0, 0.0), (3.769780045232948, 0.0), (3.769780045232948, 3.769780045232948), (0.0, 3.769780045232948)],
[(0.0, 0.0), (3.8061180982729574, 0.0), (3.8061180982729574, 4.307831660854721), (0.0, 4.307831660854721)],
[(0.0, 0.0), (3.2502365239764854, 0.0), (3.2502365239764854, 4.13449433471037), (0.0, 4.13449433471037)],
[(0.0, 0.0), (3.3695991364924764, 0.0), (3.3695991364924764, 3.8133982478402175), (0.0, 3.8133982478402175)],
[(0.0, 0.0), (2.7747214494636054, 0.0), (2.7747214494636054, 2.5731779454925636), (0.0, 2.5731779454925636)],
[(0.0, 0.0), (4.346047267416847, 0.0), (4.7144764534802714, -3.6034268918843537)],
[(0.0, 0.0), (3.9644718531455725, 0.0), (5.424614516701479, -2.8890796347580574)],
[(0.0, 0.0), (3.9479962355496276, 0.0), (3.4405228271480466, 4.872597699554796), (1.8852225001931266, 4.872597699554796)],
[(0.0, 0.0), (3.7939540362058706, 0.0), (2.7430069024660164, 3.3687443980126317), (0.0, 3.3687443980126317)],
[(0.0, 0.0), (3.3813287077869902, 0.0), (1.5260404628818482, 3.4972797480711235), (-0.533466086681301, 3.4972797480711235)],
[(0.0, 0.0), (2.139063674462405, 0.0), (3.126539999974937, 3.653002791389801), (1.0695318372312026, 4.003478506206207), (-0.987476325512532, 3.653002791389801)],
[(0.0, 0.0), (3.735948216875478, 2.2384362797842123), (0.0, 4.044499592951495), (-3.735948216875478, 2.2384362797842123)]
