[(0, 0), (10.17856455350545, 0), (10.17856455350545, 10.17856455350545), (0, 10.17856455350545)],
[(0, 0), (6.092770101648508, 0), (6.092770101648508, 6.092770101648508), (0, 6.092770101648508)],
[(0, 0), (6.581400800400274, 0), (6.581400800400274, 6.581400800400274), (0, 6.581400800400274)],
[(0, 0), (9.42445011308237, 0), (9.42445011308237, 9.42445011308237), (0, 9.42445011308237)],
[(0, 0), (9.515295245682394, 0), (9.515295245682394, 10.769579152136803), (0, 10.769579152136803)],
[(0, 0), (8.125591309941214, 0), (8.125591309941214, 10.336235836775924), (0, 10.336235836775924)],
[(0, 0), (8.423997841231191, 0), (8.423997841231191, 9.533495619600544), (0, 9.533495619600544)],
[(0, 0), (6.936803623659014, 0), (6.936803623659014, 6.432944863731409), (0, 6.432944863731409)],
[(0, 0), (10.865118168542118, 0), (11.78619113370068, -9.008567229710884)],
[(0, 0), (9.91117963286393, 0), (13.561536291753697, -7.222699086895144)],
[(0, 0), (9.869990588874069, 0), (8.601307067870117, 12.18149424888699), (4.713056250482817, 12.18149424888699)],
[(0, 0), (9.484885090514677, 0), (6.857517256165041, 8.42186099503158), (0, 8.42186099503158)],
[(0, 0), (8.453321769467475, 0), (3.8151011572046207, 8.743199370177809), (-1.3336652167032526, 8.743199370177809)],
[(0, 0), (5.3476591861560125, 0), (7.8163499999373425, 9.132506978474503), (2.6738295930780063, 10.008696265515518), (-2.46869081378133, 9.132506978474503)],
[(0, 0), (9.339870542188695, 5.596090699460531), (0, 10.111248982378738), (-9.339870542188695, 5.596090699460531)]
