[(0.0, 0.0), (5.089282276752725, 0.0), (5.089282276752725, 5.089282276752725), (0.0, 5.089282276752725)],
[(0.0, 0.0), (3.046385050824254, 0.0), (3.046385050824254, 3.046385050824254), (0.0, 3.046385050824254)],
[(0.0, 0.0), (3.290700400200137, 0.0), (3.290700400200137, 3.290700400200137), (0.0, 3.290700400200137)],
[(0.0, 0.0), (4.712225056541185, 0.0), (4.712225056541185, 4.712225056541185), (0.0, 4.712225056541185)],
[(0.0, 0.0), (4.757647622841197, 0.0), (4.757647622841197, 5.3847895760684015), (0.0, 5.3847895760684015)],
[(0.0, 0.0), (4.062795654970607, 0.0), (4.062795654970607, 5.168117918387962), (0.0, 5.168117918387962)],
[(0.0, 0.0), (4.211998920615596, 0.0), (4.211998920615596, 4.766747809800272), (0.0, 4.766747809800272)],
[(0.0, 0.0), (3.468401811829507, 0.0), (3.468401811829507, 3.2164724318657045), (0.0, 3.2164724318657045)],
[(0.0, 0.0), (5.432559084271059, 0.0), (5.89309556685034, -4.504283614855442)],
[(0.0, 0.0), (4.955589816431965, 0.0), (6.7807681458768485, -3.611349543447572)],
[(0.0, 0.0), (4.9349952944370346, 0.0), (4.3006535339350584, 6.090747124443495), (2.3565281252414083, 6.090747124443495)],
[(0.0, 0.0), (4.742442545257338, 0.0), (3.4287586280825204, 4.21093049751579), (0.0, 4.21093049751579)],
[(0.0, 0.0), (4.226660884733738, 0.0), (1.9075505786023104, 4.3715996850889045), (-0.6668326083516263, 4.3715996850889045)],
[(0.0, 0.0), (2.6738295930780063, 0.0), (3.9081749999686712, 4.566253489237251), (1.3369147965390031, 5.004348132757759), (-1.234345406890665, 4.566253489237251)],
[(0.0, 0.0), (4.669935271094348, 2.7980453497302653), (0.0, 5.055624491189369), (-4.669935271094348, 2.7980453497302653)]
