[(0.0, 0.0), (3.0535693660516348, 0.0), (3.0535693660516348, 3.0535693660516348), (0.0, 3.0535693660516348)],
[(0.0, 0.0), (1.8278310304945524, 0.0), (1.8278310304945524, 1.8278310304945524), (0.0, 1.8278310304945524)],
[(0.0, 0.0), (1.9744202401200823, 0.0), (1.9744202401200823, 1.9744202401200823), (0.0, 1.9744202401200823)],
[(0.0, 0.0), (2.827335033924711, 0.0), (2.827335033924711, 2.827335033924711), (0.0, 2.827335033924711)],
[(0.0, 0.0), (2.854588573704718, 0.0), (2.854588573704718, 3.230873745641041), (0.0, 3.230873745641041)],
[(0.0, 0.0), (2.4376773929823643, 0.0), (2.4376773929823643, 3.100870751032777), (0.0, 3.100870751032777)],
[(0.0, 0.0), (2.527199352369357, 0.0), (2.527199352369357, 2.860048685880163), (0.0, 2.860048685880163)],
[(0.0, 0.0), (2.081041087097704, 0.0), (2.081041087097704, 1.9298834591194227), (0.0, 1.9298834591194227)],
[(0.0, 0.0), (3.2595354505626353, 0.0), (3.5358573401102036, -2.7025701689132653)],
[(0.0, 0.0), (2.973353889859179, 0.0), (4.068460887526109, -2.1668097260685433)],
[(0.0, 0.0), (2.9609971766622207, 0.0), (2.580392120361035, 3.654448274666097), (1.413916875144845, 3.654448274666097)],
[(0.0, 0.0), (2.845465527154403, 0.0), (2.057255176849512, 2.5265582985094737), (0.0, 2.5265582985094737)],
[(0.0, 0.0), (2.5359965308402423, 0.0), (1.1445303471613861, 2.6229598110533425), (-0.40009956501097577, 2.6229598110533425)],
[(0.0, 0.0), (1.6042977558468037, 0.0), (2.344904999981203, 2.7397520935423505), (0.8021488779234018, 3.0026088796546553), (-0.7406072441343989, 2.7397520935423505)],
[(0.0, 0.0), (2.8019611626566086, 1.6788272098381591), (0.0, 3.033374694713621), (-2.8019611626566086, 1.6788272098381591)]
