[(0.0, 0.0), (8.14285164280436, 0.0), (8.14285164280436, 8.14285164280436), (0.0, 8.14285164280436)], 
[(0.0, 0.0), (4.8742160813188065, 0.0), (4.8742160813188065, 4.8742160813188065), (0.0, 4.8742160813188065)], 
[(0.0, 0.0), (5.2651206403202195, 0.0), (5.2651206403202195, 5.2651206403202195), (0.0, 5.2651206403202195)], 
[(0.0, 0.0), (7.539560090465896, 0.0), (7.539560090465896, 7.539560090465896), (0.0, 7.539560090465896)], 
[(0.0, 0.0), (7.612236196545915, 0.0), (7.612236196545915, 8.615663321709443), (0.0, 8.615663321709443)], 
[(0.0, 0.0), (6.500473047952971, 0.0), (6.500473047952971, 8.26898866942074), (0.0, 8.26898866942074)], 
[(0.0, 0.0), (6.739198272984953, 0.0), (6.739198272984953, 7.626796495680435), (0.0, 7.626796495680435)], 
[(0.0, 0.0), (5.549442898927211, 0.0), (5.549442898927211, 5.146355890985127), (0.0, 5.146355890985127)], 
[(0.0, 0.0), (8.692094534833695, 0.0), (9.428952906960543, -7.2068537837687074)], 
[(0.0, 0.0), (7.928943706291145, 0.0), (10.849229033402958, -5.778159269516115)], 
[(0.0, 0.0), (7.895992471099255, 0.0), (6.881045654296093, 9.745195399109592), (3.7704450003862533, 9.745195399109592)], 
[(0.0, 0.0), (7.587908072411741, 0.0), (5.486013804932033, 6.737488796025263), (0.0, 6.737488796025263)], 
[(0.0, 0.0), (6.7626574155739805, 0.0), (3.0520809257636965, 6.994559496142247), (-1.066932173362602, 6.994559496142247)], 
[(0.0, 0.0), (4.27812734892481, 0.0), (6.253079999949874, 7.306005582779602), (2.139063674462405, 8.006957012412414), (-1.974952651025064, 7.306005582779602)], 
[(0.0, 0.0), (7.471896433750956, 4.476872559568425), (0.0, 8.08899918590299), (-7.471896433750956, 4.476872559568425)]
