[(0, 0), (8.847085688641569, 0), (8.847085688641569, 8.847085688641569), (0, 8.847085688641569)],
[(0, 0), (8.136056275313363, 0), (8.136056275313363, 8.136056275313363), (0, 8.136056275313363)],
[(0, 0), (10.789411275127462, 0), (10.789411275127462, 10.789411275127462), (0, 10.789411275127462)],
[(0, 0), (7.441303904031164, 0), (7.441303904031164, 7.441303904031164), (0, 7.441303904031164)],
[(0, 0), (8.804719523866172, 0), (8.804719523866172, 8.804719523866172), (0, 8.804719523866172)],
[(0, 0), (6.543781239260289, 0), (6.543781239260289, 10.995824882004237), (0, 10.995824882004237)],
[(0, 0), (7.118308364734926, 0), (7.118308364734926, 9.173454471068363), (0, 9.173454471068363)],
[(0, 0), (7.730090155327167, 0), (7.730090155327167, 9.897130113874685), (0, 9.897130113874685)],
[(0, 0), (5.616538326658799, 0), (-7.550618624227633, 12.541521508961658)],
[(0, 0), (12.07400972143348, 0), (4.948852522292521, 6.0887301466883486)],
[(0, 0), (11.93958484225918, 0), (10.914112573206197, 10.860308158169492), (3.507058261360838, 10.860308158169492)],
[(0, 0), (6.754028941051473, 0), (5.665314518067623, 8.379124284859882), (1.8203371371516028, 8.379124284859882)],
[(0, 0), (9.540361664169613, 0), (6.314141353084752, 5.97664989926095), (0, 5.97664989926095)],
[(0, 0), (7.931676800135136, 0), (6.6666120098397, 5.094256402037787), (0, 5.094256402037787)],
[(0, 0), (7.812596110966968, 0), (6.065096178071145, 11.088092021352868), (-3.1589085697646486, 11.088092021352868)],
[(0, 0), (11.245218252984706, 0), (2.0650545510823495, 11.33487715454563), (-0.9103987309381958, 11.33487715454563)],
[(0, 0), (8.235803246998824, 0), (8.656865296728421, 5.65535203527936), (4.117901623499412, 7.066258833798316), (-0.4210620497295974, 5.65535203527936)],
[(0, 0), (6.144846679509618, 0), (8.682051614658874, 9.321644084063873), (3.072423339754809, 10.28512427947908), (-2.5372049351492567, 9.321644084063873)],
[(0, 0), (5.2637705020118295, 5.815980648302151), (0, 14.93270896292054), (-5.2637705020118295, 5.815980648302151)],
[(0, 0), (5.089284463885065, 7.2958136396111986), (0, 9.047731281539743), (-5.089284463885065, 7.2958136396111986)],
