[(0.0, 0.0), (3.5388342754566273, 0.0), (3.5388342754566273, 3.5388342754566273), (0.0, 3.5388342754566273)],
[(0.0, 0.0), (3.2544225101253454, 0.0), (3.2544225101253454, 3.2544225101253454), (0.0, 3.2544225101253454)],
[(0.0, 0.0), (4.315764510050984, 0.0), (4.315764510050984, 4.315764510050984), (0.0, 4.315764510050984)],
[(0.0, 0.0), (2.976521561612466, 0.0), (2.976521561612466, 2.976521561612466), (0.0, 2.976521561612466)],
[(0.0, 0.0), (3.521887809546469, 0.0), (3.521887809546469, 3.521887809546469), (0.0, 3.521887809546469)],
[(0.0, 0.0), (2.6175124957041156, 0.0), (2.6175124957041156, 4.398329952801695), (0.0, 4.398329952801695)],
[(0.0, 0.0), (2.84732334589397, 0.0), (2.84732334589397, 3.669381788427345), (0.0, 3.669381788427345)],
[(0.0, 0.0), (3.092036062130867, 0.0), (3.092036062130867, 3.958852045549874), (0.0, 3.958852045549874)],
[(0.0, 0.0), (2.2466153306635195, 0.0), (-3.020247449691053, 5.016608603584663)],
[(0.0, 0.0), (4.829603888573392, 0.0), (1.9795410089170082, 2.4354920586753392)],
[(0.0, 0.0), (4.7758339369036715, 0.0), (4.365645029282478, 4.344123263267797), (1.4028233045443352, 4.344123263267797)],
[(0.0, 0.0), (2.7016115764205892, 0.0), (2.2661258072270494, 3.351649713943953), (0.7281348548606411, 3.351649713943953)],
[(0.0, 0.0), (3.816144665667845, 0.0), (2.525656541233901, 2.3906599597043803), (0.0, 2.3906599597043803)],
[(0.0, 0.0), (3.1726707200540547, 0.0), (2.6666448039358803, 2.0377025608151147), (0.0, 2.0377025608151147)],
[(0.0, 0.0), (3.1250384443867874, 0.0), (2.426038471228458, 4.435236808541147), (-1.2635634279058594, 4.435236808541147)],
[(0.0, 0.0), (4.498087301193882, 0.0), (0.8260218204329398, 4.533950861818252), (-0.36415949237527834, 4.533950861818252)],
[(0.0, 0.0), (3.2943212987995296, 0.0), (3.4627461186913684, 2.262140814111744), (1.6471606493997648, 2.8265035335193263), (-0.16842481989183894, 2.262140814111744)],
[(0.0, 0.0), (2.457938671803847, 0.0), (3.4728206458635498, 3.7286576336255495), (1.2289693359019236, 4.1140497117916315), (-1.0148819740597026, 3.7286576336255495)],
[(0.0, 0.0), (2.105508200804732, 2.3263922593208606), (0.0, 5.973083585168216), (-2.105508200804732, 2.3263922593208606)],
[(0.0, 0.0), (2.0357137855540257, 2.9183254558444793), (0.0, 3.6190925126158975), (-2.0357137855540257, 2.9183254558444793)],
