[(0.0, 0.0), (4.423542844320784, 0.0), (4.423542844320784, 4.423542844320784), (0.0, 4.423542844320784)],
[(0.0, 0.0), (4.068028137656682, 0.0), (4.068028137656682, 4.068028137656682), (0.0, 4.068028137656682)],
[(0.0, 0.0), (5.394705637563731, 0.0), (5.394705637563731, 5.394705637563731), (0.0, 5.394705637563731)],
[(0.0, 0.0), (3.720651952015582, 0.0), (3.720651952015582, 3.720651952015582), (0.0, 3.720651952015582)],
[(0.0, 0.0), (4.402359761933086, 0.0), (4.402359761933086, 4.402359761933086), (0.0, 4.402359761933086)],
[(0.0, 0.0), (3.2718906196301445, 0.0), (3.2718906196301445, 5.497912441002119), (0.0, 5.497912441002119)],
[(0.0, 0.0), (3.559154182367463, 0.0), (3.559154182367463, 4.586727235534181), (0.0, 4.586727235534181)],
[(0.0, 0.0), (3.8650450776635834, 0.0), (3.8650450776635834, 4.948565056937342), (0.0, 4.948565056937342)],
[(0.0, 0.0), (2.8082691633293995, 0.0), (-3.7753093121138166, 6.270760754480829)],
[(0.0, 0.0), (6.03700486071674, 0.0), (2.4744262611462604, 3.0443650733441743)],
[(0.0, 0.0), (5.96979242112959, 0.0), (5.457056286603098, 5.430154079084746), (1.753529130680419, 5.430154079084746)],
[(0.0, 0.0), (3.3770144705257366, 0.0), (2.8326572590338115, 4.189562142429941), (0.9101685685758014, 4.189562142429941)],
[(0.0, 0.0), (4.770180832084806, 0.0), (3.157070676542376, 2.988324949630475), (0.0, 2.988324949630475)],
[(0.0, 0.0), (3.965838400067568, 0.0), (3.33330600491985, 2.5471282010188934), (0.0, 2.5471282010188934)],
[(0.0, 0.0), (3.906298055483484, 0.0), (3.0325480890355725, 5.544046010676434), (-1.5794542848823243, 5.544046010676434)],
[(0.0, 0.0), (5.622609126492353, 0.0), (1.0325272755411747, 5.667438577272815), (-0.4551993654690979, 5.667438577272815)],
[(0.0, 0.0), (4.117901623499412, 0.0), (4.328432648364211, 2.82767601763968), (2.058950811749706, 3.533129416899158), (-0.2105310248647987, 2.82767601763968)],
[(0.0, 0.0), (3.072423339754809, 0.0), (4.341025807329437, 4.660822042031937), (1.5362116698774044, 5.14256213973954), (-1.2686024675746284, 4.660822042031937)],
[(0.0, 0.0), (2.6318852510059147, 2.9079903241510756), (0.0, 7.46635448146027), (-2.6318852510059147, 2.9079903241510756)],
[(0.0, 0.0), (2.5446422319425324, 3.6479068198055993), (0.0, 4.523865640769872), (-2.5446422319425324, 3.6479068198055993)],
