[(0, 0), (6.479507733436528, 0), (5.331488081890387, 6.18277868787792), (0, 6.18277868787792)],
[(0, 0), (6.097628892574206, 0), (6.097628892574206, 6.097628892574206), (0, 6.097628892574206)],
[(0, 0), (6.120509810440456, 0), (6.120509810440456, 6.120509810440456), (0, 6.120509810440456)],
[(0, 0), (6.593463346143503, 0), (6.593463346143503, 6.079093062695157), (0, 6.079093062695157)],
[(0, 0), (6.853069769135615, 0), (5.583570466612899, 6.979440997007103), (0, 6.979440997007103)],
[(0, 0), (6.823766587337676, 0), (6.823766587337676, 6.823766587337676), (0, 6.823766587337676)],
[(0, 0), (5.43909492994635, 0), (4.466077085275711, 7.177306917273025), (0, 7.177306917273025)],
[(0, 0), (5.385014374692524, 0), (4.715556989103537, 7.95444445402736), (0, 7.95444445402736)],
[(0, 0), (7.727112542837826, 0), (5.493798456333933, 6.244214903351897), (0, 6.244214903351897)],
[(0, 0), (7.0050186173163045, 0), (7.0050186173163045, 7.0050186173163045), (0, 7.0050186173163045)],
[(0, 0), (7.055161755820889, 0), (7.055161755820889, 7.055161755820889), (0, 7.055161755820889)],
[(0, 0), (7.061382543016123, 0), (7.061382543016123, 7.47000984514643), (0, 7.47000984514643)],
[(0, 0), (7.285797352997493, 0), (7.285797352997493, 7.285797352997493), (0, 7.285797352997493)],
[(0, 0), (7.4733354587125405, 0), (7.4733354587125405, 7.4733354587125405), (0, 7.4733354587125405)],
[(0, 0), (7.508398589276922, 0), (7.508398589276922, 7.508398589276922), (0, 7.508398589276922)],
[(0, 0), (7.60562832636257, 0), (7.60562832636257, 7.60562832636257), (0, 7.60562832636257)],
[(0, 0), (6.118566810032103, 0), (6.118566810032103, 8.016911704734243), (0, 8.016911704734243)],
[(0, 0), (8.852386073609855, 0), (6.616608794346739, 6.827920261459222), (0, 6.827920261459222)],
[(0, 0), (6.481165547796156, 0), (6.481165547796156, 8.871841128715705), (0, 8.871841128715705)],
[(0, 0), (8.157773712989961, 0), (5.994185545686233, 7.758921620087827), (1.4933173862669467, 7.758921620087827)],
[(0, 0), (7.116236329838069, 0), (7.408524147005622, 6.304664651284684), (3.5581181649190343, 7.892361268779181), (-0.29228781716755314, 6.304664651284684)],
[(0, 0), (8.37222210408551, 0), (8.37222210408551, 7.38175695688604), (0, 7.38175695688604)],
[(0, 0), (4.91405120511352, 0), (5.681802231488832, 6.43102704319211), (2.45702560255676, 9.009709246044826), (-0.7677510263753122, 6.43102704319211)],
[(0, 0), (6.295936727083129, 0), (6.295936727083129, 9.852055981714335), (0, 9.852055981714335)],
[(0, 0), (6.938384987215423, 0), (6.938384987215423, 9.239398574592128), (0, 9.239398574592128)],
[(0, 0), (9.514528626844466, 0), (9.514528626844466, 6.5141376791233085), (0, 6.5141376791233085)],
[(0, 0), (8.349498185827155, 0), (8.349498185827155, 8.349498185827155), (0, 8.349498185827155)],
[(0, 0), (8.460014111275456, 0), (8.460014111275456, 8.460014111275456), (0, 8.460014111275456)],
[(0, 0), (8.93417284912656, 0), (8.93417284912656, 8.93417284912656), (0, 8.93417284912656)],
[(0, 0), (7.665904257923235, 0), (5.869839963257252, 9.775774628785687), (3.696689862218489, 9.775774628785687)],
[(0, 0), (7.2331327564969765, 0), (6.080091152066866, 9.984805907617531), (0, 9.984805907617531)],
[(0, 0), (7.274376391580879, 0), (7.274376391580879, 9.194773646139904), (0, 9.194773646139904)],
[(0, 0), (7.2456456616234, 0), (7.2456456616234, 9.357131944824793), (0, 9.357131944824793)],
[(0, 0), (10.359740169063834, 0), (5.068498261610238, 6.208188792102327), (1.185679419662376, 6.208188792102327)],
[(0, 0), (6.569929817278258, 0), (6.569929817278258, 10.60627223410713), (0, 10.60627223410713)],
[(0, 0), (6.710393399480284, 0), (6.710393399480284, 10.968056354877337), (0, 10.968056354877337)],
[(0, 0), (8.786029995791973, 0), (0.541975505106751, 9.427624945013566)],
[(0, 0), (6.345748025089837, 0), (7.857302749736931, 6.468998480596024), (3.1728740125449186, 8.239870517485357), (-1.5115547246470937, 6.468998480596024)],
[(0, 0), (9.22899432982885, 0), (9.22899432982885, 8.03180075171652), (0, 8.03180075171652)],
[(0, 0), (9.582313075092458, 0), (9.582313075092458, 8.583417352303378), (0, 8.583417352303378)],
[(0, 0), (7.9763702904619365, 0), (7.9763702904619365, 10.04324504470312), (0, 10.04324504470312)],
[(0, 0), (10.730886340774145, 0), (10.730886340774145, 7.996860002937488), (0, 7.996860002937488)],
[(0, 0), (9.019145917681815, 0), (9.019145917681815, 9.019145917681815), (0, 9.019145917681815)],
[(0, 0), (9.241714242713549, 0), (9.241714242713549, 9.241714242713549), (0, 9.241714242713549)],
[(0, 0), (9.406108863191795, 0), (9.406108863191795, 9.406108863191795), (0, 9.406108863191795)],
[(0, 0), (9.406506150037918, 0), (9.406506150037918, 9.406506150037918), (0, 9.406506150037918)],
[(0, 0), (9.669964343712513, 0), (9.669964343712513, 9.669964343712513), (0, 9.669964343712513)],
[(0, 0), (9.427828934538029, 0), (9.427828934538029, 9.953910239524074), (0, 9.953910239524074)],
[(0, 0), (6.843672432482139, 0), (5.680876983077569, 12.38656129348306), (1.699284664474188, 12.38656129348306)],
[(0, 0), (10.45870297066094, 0), (10.45870297066094, 9.1763363182306), (0, 9.1763363182306)],
[(0, 0), (5.227162974337022, 5.859502339308278), (0, 8.403525942650294), (-5.227162974337022, 5.859502339308278)],
[(0, 0), (8.190056323664225, 0), (2.872462160226779, 8.18015021045438), (-2.6367158599775444, 8.18015021045438)],
[(0, 0), (13.240638563862028, 0), (2.2114966513487047, -5.79430004285005)],
[(0, 0), (10.426138535043027, 0), (12.631481401091257, -7.697667403208078)],
[(0, 0), (7.065345073973454, 0), (3.021875787428394, 7.0134600001929135), (-4.573692307525164, 7.0134600001929135)],
[(0, 0), (10.19780063793342, 0), (10.19780063793342, 10.19780063793342), (0, 10.19780063793342)],
[(0, 0), (10.691368928874088, 0), (10.691368928874088, 10.691368928874088), (0, 10.691368928874088)],
[(0, 0), (10.570597288982917, 0), (10.570597288982917, 10.911139825624094), (0, 10.911139825624094)],
[(0, 0), (10.704512064258523, 0), (10.704512064258523, 10.704512064258523), (0, 10.704512064258523)],
[(0, 0), (10.625687515270325, 0), (10.625687515270325, 10.924449511351591), (0, 10.924449511351591)],
[(0, 0), (9.391342820690404, 0), (4.662066130650487, 9.427396529351707), (-1.4147931097910276, 9.427396529351707)],
[(0, 0), (11.1629339990233, 0), (7.227295570645325, 9.591676829129188), (2.0707867369477544, 9.591676829129188)],
[(0, 0), (11.296510858024856, 0), (1.020973476768637, 8.487076069097627), (-0.7124287000184352, 8.487076069097627)],
[(0, 0), (4.930852228165304, 0), (8.682553166478643, 5.693076012294963), (2.465426114082652, 8.088391701897375), (-3.7517009383133386, 5.693076012294963)],
[(0, 0), (8.884669736782369, 0), (7.220670486740063, 12.34649929630137), (1.6527085302478883, 12.34649929630137)],
[(0, 0), (9.879995111033638, 0), (5.637322885072847, 11.316695108283701), (-1.5201376034613006, 11.316695108283701)],
[(0, 0), (9.984624532091575, 0), (5.886025550315474, 11.345563290696221), (-1.1388197277382366, 11.345563290696221)],
[(0, 0), (13.072244303591035, 0), (-0.09345681923222515, 7.303888194633235)],
[(0, 0), (6.9014520669651915, 0), (7.2746907027715295, -14.154562293962424)],
[(0, 0), (6.567642426187534, 0), (12.537660798366145, 11.082184079595056)],
[(0, 0), (10.82316214138509, 0), (-0.29789962299313677, -12.299850849199771)],
[(0, 0), (5.789761276180886, 0), (-7.53726756195967, 10.86594062047945)],
[(0, 0), (14.251663294085429, 0), (1.4244465157012924, 9.1533618432887)],
[(0, 0), (12.8742722892786, 0), (10.692517953074935, -12.177659577302542)],
[(0, 0), (9.006757114477395, 0), (-2.319146015244143, -13.646257314152848)],
[(0, 0), (5.9364306939671625, 9.831341308521566), (0, 14.100889159720214), (-5.9364306939671625, 9.831341308521566)],
[(0, 0), (14.682502000982215, 0), (-0.020452386991101856, -10.468853607133926)],
[(0, 0), (8.437655849764631, 9.859786156194556), (0, 11.626394736772085), (-8.437655849764631, 9.859786156194556)],
[(0, 0), (9.095718467053679, 6.790135568447165), (0, 10.402309365703026), (-9.095718467053679, 6.790135568447165)],
[(0, 0), (9.432894443189463, 9.733651796443706), (0, 11.28511894065489), (-9.432894443189463, 9.733651796443706)],
