[(0.0, 0.0), (6.116228668895066, 0.0), (6.116228668895066, 6.116228668895066), (0.0, 6.116228668895066)], 
[(0.0, 0.0), (6.72178884668312, 0.0), (6.72178884668312, 6.72178884668312), (0.0, 6.72178884668312)], 
[(0.0, 0.0), (6.547720952199574, 0.0), (6.547720952199574, 6.547720952199574), (0.0, 6.547720952199574)], 
[(0.0, 0.0), (8.699038318311175, 0.0), (8.699038318311175, 8.699038318311175), (0.0, 8.699038318311175)], 
[(0.0, 0.0), (7.02280635419676, 0.0), (7.02280635419676, 7.02280635419676), (0.0, 7.02280635419676)], 
[(0.0, 0.0), (6.680551374392121, 0.0), (6.680551374392121, 6.680551374392121), (0.0, 6.680551374392121)], 
[(0.0, 0.0), (5.731346527736269, 0.0), (5.731346527736269, 5.731346527736269), (0.0, 5.731346527736269)], 
[(0.0, 0.0), (7.243353658238997, 0.0), (7.243353658238997, 6.58645580792367), (0.0, 6.58645580792367)], 
[(0.0, 0.0), (5.959493159211807, 0.0), (5.959493159211807, 8.654133926624183), (0.0, 8.654133926624183)], 
[(0.0, 0.0), (8.53146302728464, 0.0), (8.53146302728464, 6.411003533176765), (0.0, 6.411003533176765)], 
[(0.0, 0.0), (5.470676020992586, 0.0), (5.470676020992586, 6.533308059737335), (0.0, 6.533308059737335)], 
[(0.0, 0.0), (6.383242083546783, 0.0), (6.383242083546783, 7.752026282661471), (0.0, 7.752026282661471)], 
[(0.0, 0.0), (5.660971429357615, 0.0), (10.60813567138922, -9.686125785188358)], 
[(0.0, 0.0), (10.173884750994818, 0.0), (4.367043305857047, 6.1690389664610965)], 
[(0.0, 0.0), (6.146091678945507, 0.0), (-4.360016807588101, 7.905148429069331)], 
[(0.0, 0.0), (9.440907622488803, 0.0), (5.620285863900394, -5.015974678689561)], 
[(0.0, 0.0), (6.018336344630223, 0.0), (-0.0746438810747783, -8.451428006511154)], 
[(0.0, 0.0), (8.45667438118251, 0.0), (6.1013022963460815, 6.163873143572253), (3.478121341447107, 6.163873143572253)], 
[(0.0, 0.0), (9.557128681494651, 0.0), (7.499943434991792, 9.874470316647685), (4.706619319723536, 9.874470316647685)], 
[(0.0, 0.0), (7.979848925333821, 0.0), (5.581981192493563, 8.484003174889443), (4.618949419621925, 8.484003174889443)], 
[(0.0, 0.0), (6.296575442480278, 0.0), (4.512318213740166, 7.080300074129492), (0.0, 7.080300074129492)], 
[(0.0, 0.0), (5.480298146208398, 0.0), (4.408104584819372, 4.284285673079714), (0.0, 4.284285673079714)], 
[(0.0, 0.0), (5.996908110538614, 0.0), (4.349406290410307, 5.564847849570995), (0.0, 5.564847849570995)], 
[(0.0, 0.0), (8.410416372435067, 0.0), (7.379781673517594, 6.624097520083782), (-1.1237707991491732, 6.624097520083782)], 
[(0.0, 0.0), (8.437846514786822, 0.0), (6.325449270645477, 6.019643867428097), (-0.937617744019265, 6.019643867428097)], 
[(0.0, 0.0), (6.111351136869106, 0.0), (4.801041907025726, 8.851400471657021), (-0.8593965757521289, 8.851400471657021)], 
[(0.0, 0.0), (5.851754590277365, 0.0), (5.914487885539162, 2.921592719955094), (2.9258772951386827, 3.7734483555739957), (-0.06273329526179694, 2.921592719955094)], 
[(0.0, 0.0), (3.6959794397919508, 0.0), (4.298079432185226, 6.980855614295299), (1.8479897198959754, 7.923540378391411), (-0.6020999923932748, 6.980855614295299)], 
[(0.0, 0.0), (6.0458989990957965, 7.249264101653905), (0.0, 9.496962889378747), (-6.0458989990957965, 7.249264101653905)], 
[(0.0, 0.0), (7.215816856366731, 4.327494593024526), (0.0, 11.431174004156137), (-7.215816856366731, 4.327494593024526)]