[(0.0, 0.0), (2.2935857508356494, 0.0), (2.2935857508356494, 2.2935857508356494), (0.0, 2.2935857508356494)],
[(0.0, 0.0), (2.52067081750617, 0.0), (2.52067081750617, 2.52067081750617), (0.0, 2.52067081750617)],
[(0.0, 0.0), (2.4553953570748406, 0.0), (2.4553953570748406, 2.4553953570748406), (0.0, 2.4553953570748406)],
[(0.0, 0.0), (3.2621393693666905, 0.0), (3.2621393693666905, 3.2621393693666905), (0.0, 3.2621393693666905)],
[(0.0, 0.0), (2.633552382823785, 0.0), (2.633552382823785, 2.633552382823785), (0.0, 2.633552382823785)],
[(0.0, 0.0), (2.505206765397045, 0.0), (2.505206765397045, 2.505206765397045), (0.0, 2.505206765397045)],
[(0.0, 0.0), (2.1492549479011007, 0.0), (2.1492549479011007, 2.1492549479011007), (0.0, 2.1492549479011007)],
[(0.0, 0.0), (2.7162576218396235, 0.0), (2.7162576218396235, 2.4699209279713763), (0.0, 2.4699209279713763)],
[(0.0, 0.0), (2.2348099347044275, 0.0), (2.2348099347044275, 3.245300222484069), (0.0, 3.245300222484069)],
[(0.0, 0.0), (3.1992986352317403, 0.0), (3.1992986352317403, 2.4041263249412865), (0.0, 2.4041263249412865)],
[(0.0, 0.0), (2.05150350787222, 0.0), (2.05150350787222, 2.449990522401501), (0.0, 2.449990522401501)],
[(0.0, 0.0), (2.3937157813300436, 0.0), (2.3937157813300436, 2.9070098559980515), (0.0, 2.9070098559980515)],
[(0.0, 0.0), (2.1228642860091056, 0.0), (3.9780508767709577, -3.632297169445634)],
[(0.0, 0.0), (3.8152067816230564, 0.0), (1.6376412396963924, 2.313389612422911)],
[(0.0, 0.0), (2.304784379604565, 0.0), (-1.635006302845538, 2.964430660900999)],
[(0.0, 0.0), (3.540340358433301, 0.0), (2.1076071989626475, -1.8809905045085853)],
[(0.0, 0.0), (2.2568761292363333, 0.0), (-0.027991455403041862, -3.1692855024416824)],
[(0.0, 0.0), (3.171252892943441, 0.0), (2.28798836112978, 2.311452428839595), (1.304295503042665, 2.311452428839595)],
[(0.0, 0.0), (3.583923255560494, 0.0), (2.812478788121922, 3.7029263687428813), (1.7649822448963262, 3.7029263687428813)],
[(0.0, 0.0), (2.9924433470001826, 0.0), (2.0932429471850864, 3.181501190583541), (1.732106032358222, 3.181501190583541)],
[(0.0, 0.0), (2.361215790930104, 0.0), (1.692119330152562, 2.6551125277985594), (0.0, 2.6551125277985594)],
[(0.0, 0.0), (2.055111804828149, 0.0), (1.6530392193072645, 1.6066071274048928), (0.0, 1.6066071274048928)],
[(0.0, 0.0), (2.24884054145198, 0.0), (1.6310273589038649, 2.086817943589123), (0.0, 2.086817943589123)],
[(0.0, 0.0), (3.15390613966315, 0.0), (2.7674181275690977, 2.484036570031418), (-0.42141404968093993, 2.484036570031418)],
[(0.0, 0.0), (3.164192443045058, 0.0), (2.3720434764920535, 2.257366450285536), (-0.3516066540072244, 2.257366450285536)],
[(0.0, 0.0), (2.2917566763259147, 0.0), (1.8003907151346472, 3.3192751768713826), (-0.32227371590704834, 3.3192751768713826)],
[(0.0, 0.0), (2.194407971354012, 0.0), (2.2179329570771857, 1.0955972699831604), (1.097203985677006, 1.4150431333402482), (-0.023524985723173852, 1.0955972699831604)],
[(0.0, 0.0), (1.3859922899219816, 0.0), (1.6117797870694597, 2.6178208553607374), (0.6929961449609908, 2.971327641896779), (-0.22578749714747806, 2.6178208553607374)],
[(0.0, 0.0), (2.2672121246609236, 2.7184740381202146), (0.0, 3.56136108351703), (-2.2672121246609236, 2.7184740381202146)],
[(0.0, 0.0), (2.7059313211375238, 1.6228104723841972), (0.0, 4.286690251558551), (-2.7059313211375238, 1.6228104723841972)]
