[(0.0, 0.0), (3.822642918059416, 0.0), (3.822642918059416, 3.822642918059416), (0.0, 3.822642918059416)],
[(0.0, 0.0), (4.20111802917695, 0.0), (4.20111802917695, 4.20111802917695), (0.0, 4.20111802917695)],
[(0.0, 0.0), (4.092325595124734, 0.0), (4.092325595124734, 4.092325595124734), (0.0, 4.092325595124734)],
[(0.0, 0.0), (5.436898948944484, 0.0), (5.436898948944484, 5.436898948944484), (0.0, 5.436898948944484)],
[(0.0, 0.0), (4.389253971372975, 0.0), (4.389253971372975, 4.389253971372975), (0.0, 4.389253971372975)],
[(0.0, 0.0), (4.175344608995076, 0.0), (4.175344608995076, 4.175344608995076), (0.0, 4.175344608995076)],
[(0.0, 0.0), (3.582091579835168, 0.0), (3.582091579835168, 3.582091579835168), (0.0, 3.582091579835168)],
[(0.0, 0.0), (4.527096036399373, 0.0), (4.527096036399373, 4.116534879952294), (0.0, 4.116534879952294)],
[(0.0, 0.0), (3.724683224507379, 0.0), (3.724683224507379, 5.408833704140115), (0.0, 5.408833704140115)],
[(0.0, 0.0), (5.332164392052901, 0.0), (5.332164392052901, 4.006877208235478), (0.0, 4.006877208235478)],
[(0.0, 0.0), (3.4191725131203667, 0.0), (3.4191725131203667, 4.083317537335835), (0.0, 4.083317537335835)],
[(0.0, 0.0), (3.9895263022167393, 0.0), (3.9895263022167393, 4.8450164266634195), (0.0, 4.8450164266634195)],
[(0.0, 0.0), (3.5381071433485096, 0.0), (6.630084794618263, -6.053828615742724)],
[(0.0, 0.0), (6.358677969371761, 0.0), (2.729402066160654, 3.855649354038185)],
[(0.0, 0.0), (3.841307299340942, 0.0), (-2.7250105047425635, 4.940717768168332)],
[(0.0, 0.0), (5.900567264055502, 0.0), (3.512678664937746, -3.1349841741809756)],
[(0.0, 0.0), (3.761460215393889, 0.0), (-0.04665242567173644, -5.282142504069471)],
[(0.0, 0.0), (5.285421488239068, 0.0), (3.813313935216301, 3.8524207147326583), (2.1738258384044418, 3.8524207147326583)],
[(0.0, 0.0), (5.973205425934157, 0.0), (4.68746464686987, 6.171543947904802), (2.9416370748272103, 6.171543947904802)],
[(0.0, 0.0), (4.987405578333638, 0.0), (3.488738245308477, 5.302501984305902), (2.8868433872637036, 5.302501984305902)],
[(0.0, 0.0), (3.935359651550174, 0.0), (2.8201988835876035, 4.425187546330933), (0.0, 4.425187546330933)],
[(0.0, 0.0), (3.4251863413802486, 0.0), (2.755065365512108, 2.6776785456748216), (0.0, 2.6776785456748216)],
[(0.0, 0.0), (3.7480675690866336, 0.0), (2.7183789315064417, 3.478029905981872), (0.0, 3.478029905981872)],
[(0.0, 0.0), (5.256510232771917, 0.0), (4.612363545948496, 4.140060950052364), (-0.7023567494682332, 4.140060950052364)],
[(0.0, 0.0), (5.273654071741763, 0.0), (3.9534057941534226, 3.7622774171425606), (-0.5860110900120407, 3.7622774171425606)],
[(0.0, 0.0), (3.8195944605431915, 0.0), (3.000651191891079, 5.532125294785638), (-0.5371228598450806, 5.532125294785638)],
[(0.0, 0.0), (3.6573466189233534, 0.0), (3.6965549284619765, 1.825995449971934), (1.8286733094616767, 2.3584052222337473), (-0.03920830953862309, 1.825995449971934)],
[(0.0, 0.0), (2.3099871498699693, 0.0), (2.686299645115766, 4.363034758934562), (1.1549935749349847, 4.952212736494632), (-0.3763124952457968, 4.363034758934562)],
[(0.0, 0.0), (3.778686874434873, 4.530790063533691), (0.0, 5.935601805861717), (-3.778686874434873, 4.530790063533691)],
[(0.0, 0.0), (4.509885535229206, 2.7046841206403287), (0.0, 7.144483752597585), (-4.509885535229206, 2.7046841206403287)]
