[(0.0, 0.0), (3.058114334447533, 0.0), (3.058114334447533, 3.058114334447533), (0.0, 3.058114334447533)],
[(0.0, 0.0), (3.36089442334156, 0.0), (3.36089442334156, 3.36089442334156), (0.0, 3.36089442334156)],
[(0.0, 0.0), (3.273860476099787, 0.0), (3.273860476099787, 3.273860476099787), (0.0, 3.273860476099787)],
[(0.0, 0.0), (4.349519159155587, 0.0), (4.349519159155587, 4.349519159155587), (0.0, 4.349519159155587)],
[(0.0, 0.0), (3.51140317709838, 0.0), (3.51140317709838, 3.51140317709838), (0.0, 3.51140317709838)],
[(0.0, 0.0), (3.3402756871960606, 0.0), (3.3402756871960606, 3.3402756871960606), (0.0, 3.3402756871960606)],
[(0.0, 0.0), (2.8656732638681346, 0.0), (2.8656732638681346, 2.8656732638681346), (0.0, 2.8656732638681346)],
[(0.0, 0.0), (3.6216768291194983, 0.0), (3.6216768291194983, 3.293227903961835), (0.0, 3.293227903961835)],
[(0.0, 0.0), (2.9797465796059033, 0.0), (2.9797465796059033, 4.327066963312092), (0.0, 4.327066963312092)],
[(0.0, 0.0), (4.26573151364232, 0.0), (4.26573151364232, 3.2055017665883825), (0.0, 3.2055017665883825)],
[(0.0, 0.0), (2.735338010496293, 0.0), (2.735338010496293, 3.2666540298686675), (0.0, 3.2666540298686675)],
[(0.0, 0.0), (3.1916210417733915, 0.0), (3.1916210417733915, 3.8760131413307355), (0.0, 3.8760131413307355)],
[(0.0, 0.0), (2.8304857146788076, 0.0), (5.30406783569461, -4.843062892594179)],
[(0.0, 0.0), (5.086942375497409, 0.0), (2.1835216529285235, 3.0845194832305483)],
[(0.0, 0.0), (3.0730458394727536, 0.0), (-2.1800084037940506, 3.9525742145346654)],
[(0.0, 0.0), (4.720453811244401, 0.0), (2.810142931950197, -2.5079873393447807)],
[(0.0, 0.0), (3.0091681723151114, 0.0), (-0.03732194053738915, -4.225714003255577)],
[(0.0, 0.0), (4.228337190591255, 0.0), (3.0506511481730407, 3.0819365717861267), (1.7390606707235534, 3.0819365717861267)],
[(0.0, 0.0), (4.778564340747326, 0.0), (3.749971717495896, 4.937235158323842), (2.353309659861768, 4.937235158323842)],
[(0.0, 0.0), (3.9899244626669104, 0.0), (2.7909905962467816, 4.2420015874447214), (2.3094747098109627, 4.2420015874447214)],
[(0.0, 0.0), (3.148287721240139, 0.0), (2.256159106870083, 3.540150037064746), (0.0, 3.540150037064746)],
[(0.0, 0.0), (2.740149073104199, 0.0), (2.204052292409686, 2.142142836539857), (0.0, 2.142142836539857)],
[(0.0, 0.0), (2.998454055269307, 0.0), (2.1747031452051533, 2.7824239247854976), (0.0, 2.7824239247854976)],
[(0.0, 0.0), (4.205208186217534, 0.0), (3.689890836758797, 3.312048760041891), (-0.5618853995745866, 3.312048760041891)],
[(0.0, 0.0), (4.218923257393411, 0.0), (3.1627246353227383, 3.0098219337140484), (-0.4688088720096325, 3.0098219337140484)],
[(0.0, 0.0), (3.055675568434553, 0.0), (2.400520953512863, 4.4257002358285105), (-0.42969828787606446, 4.4257002358285105)],
[(0.0, 0.0), (2.9258772951386827, 0.0), (2.957243942769581, 1.460796359977547), (1.4629386475693413, 1.8867241777869979), (-0.03136664763089847, 1.460796359977547)],
[(0.0, 0.0), (1.8479897198959754, 0.0), (2.149039716092613, 3.4904278071476496), (0.9239948599479877, 3.9617701891957053), (-0.3010499961966374, 3.4904278071476496)],
[(0.0, 0.0), (3.0229494995478983, 3.6246320508269525), (0.0, 4.748481444689373), (-3.0229494995478983, 3.6246320508269525)],
[(0.0, 0.0), (3.6079084281833653, 2.163747296512263), (0.0, 5.715587002078069), (-3.6079084281833653, 2.163747296512263)]
