[(0, 0), (6.850372682760497, 0), (5.510130731024216, 5.355357091349643), (0, 5.355357091349643)],
[(0, 0), (7.314693237846707, 0), (7.393109856923953, 3.651990899943868), (3.6573466189233534, 4.7168104444674945), (-0.07841661907724617, 3.651990899943868)],
[(0, 0), (7.496135138173267, 0), (5.436757863012883, 6.956059811963744), (0, 6.956059811963744)],
[(0, 0), (7.164183159670336, 0), (7.164183159670336, 7.164183159670336), (0, 7.164183159670336)],
[(0, 0), (7.645285836118832, 0), (7.645285836118832, 7.645285836118832), (0, 7.645285836118832)],
[(0, 0), (6.8383450262407335, 0), (6.8383450262407335, 8.16663507467167), (0, 8.16663507467167)],
[(0, 0), (7.870719303100348, 0), (5.640397767175207, 8.850375092661865), (0, 8.850375092661865)],
[(0, 0), (4.619974299739939, 0), (5.372599290231532, 8.726069517869124), (2.3099871498699693, 9.904425472989264), (-0.7526249904915936, 8.726069517869124)],
[(0, 0), (8.184651190249468, 0), (8.184651190249468, 8.184651190249468), (0, 8.184651190249468)],
[(0, 0), (8.350689217990151, 0), (8.350689217990151, 8.350689217990151), (0, 8.350689217990151)],
[(0, 0), (8.4022360583539, 0), (8.4022360583539, 8.4022360583539), (0, 8.4022360583539)],
[(0, 0), (8.77850794274595, 0), (8.77850794274595, 8.77850794274595), (0, 8.77850794274595)],
[(0, 0), (7.979052604433479, 0), (7.979052604433479, 9.690032853326839), (0, 9.690032853326839)],
[(0, 0), (9.054192072798745, 0), (9.054192072798745, 8.233069759904588), (0, 8.233069759904588)],
[(0, 0), (10.570842976478136, 0), (7.626627870432602, 7.704841429465317), (4.3476516768088835, 7.704841429465317)],
[(0, 0), (7.449366449014758, 0), (7.449366449014758, 10.81766740828023), (0, 10.81766740828023)],
[(0, 0), (11.801134528111003, 0), (7.025357329875492, -6.269968348361951)],
[(0, 0), (7.522920430787778, 0), (-0.09330485134347288, -10.564285008138942)],
[(0, 0), (10.664328784105802, 0), (10.664328784105802, 8.013754416470956), (0, 8.013754416470956)],
[(0, 0), (9.974811156667275, 0), (6.977476490616954, 10.605003968611804), (5.773686774527407, 10.605003968611804)],
[(0, 0), (12.717355938743522, 0), (5.458804132321308, 7.71129870807637)],
[(0, 0), (10.547308143483527, 0), (7.906811588306845, 7.524554834285121), (-1.1720221800240813, 7.524554834285121)],
[(0, 0), (10.873797897888968, 0), (10.873797897888968, 10.873797897888968), (0, 10.873797897888968)],
[(0, 0), (7.639188921086383, 0), (6.001302383782158, 11.064250589571277), (-1.0742457196901611, 11.064250589571277)],
[(0, 0), (10.513020465543834, 0), (9.224727091896993, 8.280121900104728), (-1.4047134989364665, 8.280121900104728)],
[(0, 0), (7.682614598681884, 0), (-5.450021009485127, 9.881435536336664)],
[(0, 0), (11.946410851868315, 0), (9.37492929373974, 12.343087895809605), (5.8832741496544205, 12.343087895809605)],
[(0, 0), (7.076214286697019, 0), (13.260169589236526, -12.107657231485447)],
[(0, 0), (7.557373748869746, 9.061580127067382), (0, 11.871203611723434), (-7.557373748869746, 9.061580127067382)],
[(0, 0), (9.019771070458413, 5.409368241280657), (0, 14.28896750519517), (-9.019771070458413, 5.409368241280657)],
