[(0, 0), (5.065826317779959, 0), (4.772670005073413, 5.776550643763857), (0, 5.776550643763857)],
[(0, 0), (5.7149555908727585, 0), (4.921369848220517, 5.696947024080637), (0, 5.696947024080637)],
[(0, 0), (6.10111242046578, 0), (6.10111242046578, 6.10111242046578), (0, 6.10111242046578)],
[(0, 0), (6.150125761350506, 0), (6.150125761350506, 6.150125761350506), (0, 6.150125761350506)],
[(0, 0), (6.445679660927418, 0), (6.445679660927418, 6.445679660927418), (0, 6.445679660927418)],
[(0, 0), (6.627867471273612, 0), (6.627867471273612, 6.627867471273612), (0, 6.627867471273612)],
[(0, 0), (6.732007942336905, 0), (6.732007942336905, 6.732007942336905), (0, 6.732007942336905)],
[(0, 0), (6.93223698416903, 0), (5.8993446425576925, 7.461106087527405), (0, 7.461106087527405)],
[(0, 0), (7.660246658580743, 0), (7.660246658580743, 6.521260688291855), (0, 6.521260688291855)],
[(0, 0), (7.741017075812582, 0), (7.741017075812582, 6.5230575963163595), (0, 6.5230575963163595)],
[(0, 0), (8.849095598764011, 0), (7.084822153452741, 5.962075530245688), (0, 5.962075530245688)],
[(0, 0), (7.308854160376948, 0), (7.308854160376948, 7.308854160376948), (0, 7.308854160376948)],
[(0, 0), (7.472646571761091, 0), (7.472646571761091, 7.472646571761091), (0, 7.472646571761091)],
[(0, 0), (7.4815299650683595, 0), (7.4815299650683595, 7.761911663400186), (0, 7.761911663400186)],
[(0, 0), (7.58589168882652, 0), (7.58589168882652, 7.58589168882652), (0, 7.58589168882652)],
[(0, 0), (7.59474502686207, 0), (7.59474502686207, 7.59474502686207), (0, 7.59474502686207)],
[(0, 0), (7.616112469423437, 0), (7.616112469423437, 7.616112469423437), (0, 7.616112469423437)],
[(0, 0), (7.977183638925926, 0), (7.977183638925926, 7.253451775347005), (0, 7.253451775347005)],
[(0, 0), (7.705161695987206, 0), (7.705161695987206, 7.705161695987206), (0, 7.705161695987206)],
[(0, 0), (7.769217403720364, 0), (7.769217403720364, 7.769217403720364), (0, 7.769217403720364)],
[(0, 0), (7.818538021950285, 0), (7.818538021950285, 7.818538021950285), (0, 7.818538021950285)],
[(0, 0), (7.941608698891787, 0), (7.941608698891787, 7.941608698891787), (0, 7.941608698891787)],
[(0, 0), (6.153184058704899, 0), (5.008705832587037, 8.796349845217525), (0, 8.796349845217525)],
[(0, 0), (9.47930492914691, 0), (7.637063599592943, 5.218297810589549), (0, 5.218297810589549)],
[(0, 0), (7.513549808306314, 0), (5.827491714118173, 8.785981638182443), (2.9397616820943595, 8.785981638182443)],
[(0, 0), (7.180066400801247, 0), (7.180066400801247, 8.842883862150945), (0, 8.842883862150945)],
[(0, 0), (8.431226332444, 0), (8.431226332444, 7.66591314041848), (0, 7.66591314041848)],
[(0, 0), (6.474230737668655, 0), (5.279048304078827, 9.505235837916977), (0, 9.505235837916977)],
[(0, 0), (9.731929716399524, 0), (9.731929716399524, 6.135642655155687), (0, 6.135642655155687)],
[(0, 0), (6.5922593532142715, 0), (6.5922593532142715, 9.661305740933903), (0, 9.661305740933903)],
[(0, 0), (9.984645823344742, 0), (9.984645823344742, 6.3710361311915475), (0, 6.3710361311915475)],
[(0, 0), (9.704288772517554, 0), (9.704288772517554, 6.992110887144996), (0, 6.992110887144996)],
[(0, 0), (8.666031124784356, 0), (5.841852033110953, 8.70208422279882), (0, 8.70208422279882)],
[(0, 0), (8.424124909099913, 0), (8.424124909099913, 8.883850608067586), (0, 8.883850608067586)],
[(0, 0), (8.619894284759567, 0), (8.619894284759567, 8.997386508224466), (0, 8.997386508224466)],
[(0, 0), (8.969252683221693, 0), (8.969252683221693, 8.969252683221693), (0, 8.969252683221693)],
[(0, 0), (6.171506816446329, 0), (6.61874901161836, 8.632973240991287), (3.0857534082231646, 9.6969805325523), (-0.4472421951720307, 8.632973240991287)],
[(0, 0), (9.281275082380983, 0), (5.892868207053079, 7.402785134225809), (0, 7.402785134225809)],
[(0, 0), (9.141099266132034, 0), (9.141099266132034, 7.936054157260187), (0, 7.936054157260187)],
[(0, 0), (10.365742360834552, 0), (2.548415322977025, 6.544107731839688)],
[(0, 0), (10.251914710038303, 0), (10.251914710038303, 6.901218543328391), (0, 6.901218543328391)],
[(0, 0), (6.874172997985558, 0), (6.874172997985558, 10.421755544597332), (0, 10.421755544597332)],
[(0, 0), (6.961903391999829, 0), (6.961903391999829, 10.71967842937898), (0, 10.71967842937898)],
[(0, 0), (8.957778002211034, 0), (6.610398680483365, 9.26285971068119), (4.707006998652669, 9.26285971068119)],
[(0, 0), (7.510601803549471, 0), (7.763714676753529, 7.378486088962186), (3.7553009017747354, 9.332253350409847), (-0.2531128732040582, 7.378486088962186)],
[(0, 0), (9.412341910829774, 0), (5.461243682717987, 8.987099252179975), (0, 8.987099252179975)],
[(0, 0), (8.297858697201772, 0), (8.297858697201772, 9.023038734403894), (0, 9.023038734403894)],
[(0, 0), (9.76475799802328, 0), (9.76475799802328, 8.289736275199207), (0, 8.289736275199207)],
[(0, 0), (8.966812966306444, 0), (8.966812966306444, 9.209567931448202), (0, 9.209567931448202)],
[(0, 0), (10.038954494234204, 0), (10.038954494234204, 7.426655383612298), (0, 7.426655383612298)],
[(0, 0), (7.271934856244048, 0), (7.271934856244048, 10.905843694587338), (0, 10.905843694587338)],
[(0, 0), (10.761005674057799, 0), (10.761005674057799, 7.757585793497013), (0, 7.757585793497013)],
[(0, 0), (9.033927318532182, 0), (9.033927318532182, 9.033927318532182), (0, 9.033927318532182)],
[(0, 0), (9.130332419743095, 0), (9.130332419743095, 9.130332419743095), (0, 9.130332419743095)],
[(0, 0), (9.142309989313834, 0), (9.142309989313834, 9.142309989313834), (0, 9.142309989313834)],
[(0, 0), (9.154275086475602, 0), (9.154275086475602, 9.154275086475602), (0, 9.154275086475602)],
[(0, 0), (9.15323064879947, 0), (9.15323064879947, 9.15323064879947), (0, 9.15323064879947)],
[(0, 0), (9.40633414237705, 0), (9.40633414237705, 9.40633414237705), (0, 9.40633414237705)],
[(0, 0), (9.451982268768493, 0), (9.451982268768493, 9.451982268768493), (0, 9.451982268768493)],
[(0, 0), (9.460833659609996, 0), (9.460833659609996, 9.460833659609996), (0, 9.460833659609996)],
[(0, 0), (9.616611761049473, 0), (9.616611761049473, 9.38813370899659), (0, 9.38813370899659)],
[(0, 0), (9.992391829664328, 0), (8.864275408813617, 9.719448559890107), (0, 9.719448559890107)],
[(0, 0), (9.842266072555777, 0), (9.842266072555777, 9.842266072555777), (0, 9.842266072555777)],
[(0, 0), (12.760517029323829, 0), (7.108848614213704, 5.276588246855614)],
[(0, 0), (5.47998106796709, 0), (0.5418913320113496, 12.636536350384258)],
[(0, 0), (10.588634101420531, 0), (10.588634101420531, 8.100370023012173), (0, 8.100370023012173)],
[(0, 0), (10.919682966187137, 0), (10.919682966187137, 8.01108291849915), (0, 8.01108291849915)],
[(0, 0), (10.22424767689484, 0), (10.22424767689484, 8.898173831752962), (0, 8.898173831752962)],
[(0, 0), (8.825069577244758, 0), (8.825069577244758, 10.542764257540732), (0, 10.542764257540732)],
[(0, 0), (6.517102541818406, 0), (5.408228142735119, 12.759887639461677), (1.268348403081956, 12.759887639461677)],
[(0, 0), (9.818899163788636, 0), (9.911192876674384, 4.459779996771402), (4.909449581894318, 9.46692801243827), (-0.09229371288574839, 4.459779996771402)],
[(0, 0), (8.456015511869845, 0), (9.325424148617383, 8.229724836990474), (4.2280077559349225, 9.834363114989142), (-0.8694086367475382, 8.229724836990474)],
[(0, 0), (9.506028318923402, 0), (9.551997299685128, 7.967564360843352), (4.753014159461701, 9.940612484151208), (-0.045968980761726286, 7.967564360843352)],
[(0, 0), (9.113788424110671, 0), (9.113788424110671, 10.130337883611155), (0, 10.130337883611155)],
[(0, 0), (9.519683198122822, 0), (1.3694670135896265, 8.637852992040422), (-1.3250539635202807, 8.637852992040422)],
[(0, 0), (9.083411678720534, 0), (5.762739319563795, 8.938111995338268), (-1.7441729888698172, 8.938111995338268)],
[(0, 0), (8.517320941641506, 0), (7.291199255158448, 11.086123806942608), (1.6372681959306807, 11.086123806942608)],
[(0, 0), (12.440854478783526, 0), (11.822135555167762, -7.063352590175161)],
[(0, 0), (5.998036805041211, 0), (-4.495401302964157, 10.934810992937063)],
[(0, 0), (10.668666850647586, 0), (7.806103767781741, 10.053072059181108), (6.4085141627495625, 10.053072059181108)],
[(0, 0), (8.13933268062006, 0), (6.543707803539983, 10.188785178139767), (-1.8659284676357974, 10.188785178139767)],
[(0, 0), (10.38645967713764, 0), (10.38645967713764, 10.41527813092777), (0, 10.41527813092777)],
[(0, 0), (10.430356365640176, 0), (10.430356365640176, 10.430356365640176), (0, 10.430356365640176)],
[(0, 0), (10.532026166348661, 0), (10.532026166348661, 10.532026166348661), (0, 10.532026166348661)],
[(0, 0), (10.624592063160108, 0), (10.624592063160108, 10.624592063160108), (0, 10.624592063160108)],
[(0, 0), (10.61181885203965, 0), (10.61181885203965, 10.61181885203965), (0, 10.61181885203965)],
[(0, 0), (10.630414790897008, 0), (10.630414790897008, 10.630414790897008), (0, 10.630414790897008)],
[(0, 0), (10.533136599971275, 0), (10.533136599971275, 10.790739523081928), (0, 10.790739523081928)],
[(0, 0), (10.89315833514133, 0), (10.89315833514133, 10.58715477898373), (0, 10.58715477898373)],
[(0, 0), (10.88024179062263, 0), (10.88024179062263, 10.88024179062263), (0, 10.88024179062263)],
[(0, 0), (10.98870219146616, 0), (10.98870219146616, 10.98870219146616), (0, 10.98870219146616)],
[(0, 0), (8.606137764977518, 0), (2.824424637201425, 9.416416540623937), (-2.4163895872351007, 9.416416540623937)],
[(0, 0), (7.981914226758289, 0), (2.6771041087043894, 11.632535259664541), (-1.2030131412728498, 11.632535259664541)],
[(0, 0), (9.517099274880582, 0), (7.146863002032816, 11.76024226183836), (3.963489389843113, 11.76024226183836)],
[(0, 0), (11.21109123413948, 0), (12.55623518590393, 8.505236149508406)],
[(0, 0), (8.601223407300886, 0), (7.252894218355564, 12.069717810752415), (5.325538678132279, 12.069717810752415)],
[(0, 0), (10.41326304905012, 0), (6.459063672360439, 8.468084261746359), (-1.3820162900286663, 8.468084261746359)],
[(0, 0), (5.4384031034731155, 0), (2.1619018805522074, 14.73045875026948)],
[(0, 0), (11.127998505128154, 0), (6.648733763459859, 10.924135217952813), (5.598509744872551, 10.924135217952813)],
[(0, 0), (4.312209577083033, 0), (7.613727352314622, 9.104762137433646), (2.1561047885415165, 10.014148619260547), (-3.3015177752315887, 9.104762137433646)],
[(0, 0), (9.634553047041628, 0), (7.376297433232575, 12.689090654589979), (3.4477880093719095, 12.689090654589979)],
[(0, 0), (7.841176695147064, 0), (-3.7213625012283793, 11.638668698203766)],
[(0, 0), (9.158226229606852, 0), (3.9438407837356646, 11.590977896548582), (-1.2560160629965877, 11.590977896548582)],
[(0, 0), (11.900919403317118, 0), (5.454679144341331, 11.258625964704237), (2.2880486438627665, 11.258625964704237)],
[(0, 0), (9.234054180303277, 0), (13.557678634457561, 9.011251148766593)],
[(0, 0), (13.486545563665093, 0), (1.2821061923233303, 9.69955599518591)],
[(0, 0), (6.0124526284941116, 8.042695819621802), (0, 9.620045842703753), (-6.0124526284941116, 8.042695819621802)],
[(0, 0), (5.806390910772342, 7.149829050180911), (0, 12.731959082454171), (-5.806390910772342, 7.149829050180911)],
[(0, 0), (8.789278723867362, 0), (-3.3422095441509274, -12.62441211030307)],
[(0, 0), (13.069882379969329, 0), (13.721298611111873, 11.872960437827558)],
[(0, 0), (11.477460141915712, 0), (0.7171005354442528, -13.81031522788896)],
[(0, 0), (14.825963600585206, 0), (1.55315083406889, -10.514354328125611)],
[(0, 0), (11.27288466975922, 0), (13.45868754920984, 12.29919244234057)],
[(0, 0), (13.577803152489887, 0), (7.495226650265524, -12.328388974758518)],
[(0, 0), (9.247428766235235, 0), (-4.152827160251729, 12.0270477251849)],
[(0, 0), (7.8683431258817675, 5.749305679020394), (0, 11.984019032838923), (-7.8683431258817675, 5.749305679020394)],
[(0, 0), (14.350999654013748, 0), (8.467386241378914, -14.408125706365798)],
[(0, 0), (7.784022758421942, 9.162267258873266), (0, 13.172245737404356), (-7.784022758421942, 9.162267258873266)],
[(0, 0), (8.157763567578595, 8.483155541603102), (0, 11.944116942495215), (-8.157763567578595, 8.483155541603102)],
[(0, 0), (9.768567522416292, 5.3283735492938495), (0, 14.09663935169479), (-9.768567522416292, 5.3283735492938495)],
