[(0.0, 0.0), (2.6541257065924704, 0.0), (2.6541257065924704, 2.6541257065924704), (0.0, 2.6541257065924704)],
[(0.0, 0.0), (2.440816882594009, 0.0), (2.440816882594009, 2.440816882594009), (0.0, 2.440816882594009)],
[(0.0, 0.0), (3.236823382538238, 0.0), (3.236823382538238, 3.236823382538238), (0.0, 3.236823382538238)],
[(0.0, 0.0), (2.232391171209349, 0.0), (2.232391171209349, 2.232391171209349), (0.0, 2.232391171209349)],
[(0.0, 0.0), (2.6414158571598514, 0.0), (2.6414158571598514, 2.6414158571598514), (0.0, 2.6414158571598514)],
[(0.0, 0.0), (1.9631343717780867, 0.0), (1.9631343717780867, 3.298747464601271), (0.0, 3.298747464601271)],
[(0.0, 0.0), (2.1354925094204775, 0.0), (2.1354925094204775, 2.7520363413205087), (0.0, 2.7520363413205087)],
[(0.0, 0.0), (2.31902704659815, 0.0), (2.31902704659815, 2.969139034162405), (0.0, 2.969139034162405)],
[(0.0, 0.0), (1.6849614979976395, 0.0), (-2.26518558726829, 3.762456452688497)],
[(0.0, 0.0), (3.622202916430044, 0.0), (1.4846557566877563, 1.8266190440065044)],
[(0.0, 0.0), (3.5818754526777536, 0.0), (3.2742337719618586, 3.2580924474508475), (1.0521174784082514, 3.2580924474508475)],
[(0.0, 0.0), (2.026208682315442, 0.0), (1.6995943554202868, 2.5137372854579647), (0.5461011411454808, 2.5137372854579647)],
[(0.0, 0.0), (2.862108499250884, 0.0), (1.8942424059254255, 1.792994969778285), (0.0, 1.792994969778285)],
[(0.0, 0.0), (2.379503040040541, 0.0), (1.99998360295191, 1.528276920611336), (0.0, 1.528276920611336)],
[(0.0, 0.0), (2.34377883329009, 0.0), (1.8195288534213434, 3.32642760640586), (-0.9476725709293945, 3.32642760640586)],
[(0.0, 0.0), (3.3735654758954117, 0.0), (0.6195163653247048, 3.400463146363689), (-0.2731196192814587, 3.400463146363689)],
[(0.0, 0.0), (2.470740974099647, 0.0), (2.597059589018526, 1.6966056105838079), (1.2353704870498234, 2.119877650139495), (-0.12631861491887922, 1.6966056105838079)],
[(0.0, 0.0), (1.8434540038528853, 0.0), (2.6046154843976623, 2.796493225219162), (0.9217270019264426, 3.0855372838437236), (-0.761161480544777, 2.796493225219162)],
[(0.0, 0.0), (1.5791311506035488, 1.7447941944906453), (0.0, 4.479812688876161), (-1.5791311506035488, 1.7447941944906453)],
[(0.0, 0.0), (1.5267853391655193, 2.1887440918833594), (0.0, 2.714319384461923), (-1.5267853391655193, 2.1887440918833594)],
