[(0.0, 0.0), (2.70616528924054, 0.0), (2.70616528924054, 2.70616528924054), (0.0, 2.70616528924054)],
[(0.0, 0.0), (3.6987483621638324, 0.0), (3.6987483621638324, 3.6987483621638324), (0.0, 3.6987483621638324)],
[(0.0, 0.0), (3.6634167038618903, 0.0), (3.6634167038618903, 3.6634167038618903), (0.0, 3.6634167038618903)],
[(0.0, 0.0), (3.1359438533880066, 0.0), (3.1359438533880066, 3.1359438533880066), (0.0, 3.1359438533880066)],
[(0.0, 0.0), (3.8352356503027623, 0.0), (3.8352356503027623, 3.8352356503027623), (0.0, 3.8352356503027623)],
[(0.0, 0.0), (3.7171677345509115, 0.0), (3.7171677345509115, 4.3933607446996525), (0.0, 4.3933607446996525)],
[(0.0, 0.0), (2.8774657281515412, 0.0), (2.8774657281515412, 4.086673890094997), (0.0, 4.086673890094997)],
[(0.0, 0.0), (3.460923744164704, 0.0), (3.460923744164704, 2.4552378067767306), (0.0, 2.4552378067767306)],
[(0.0, 0.0), (5.908092495215657, 0.0), (3.978196157005395, -2.1735272498291662)],
[(0.0, 0.0), (4.45999167793055, 0.0), (2.251782752083998, -5.818654360135774)],
[(0.0, 0.0), (4.6120493862396685, 0.0), (1.097248818826746, -4.678963815393267)],
[(0.0, 0.0), (2.591564186928115, 0.0), (2.18528266438848, 3.5563513488823517), (0.7991604841170548, 3.5563513488823517)],
[(0.0, 0.0), (4.325890180232334, 0.0), (3.8192090243067094, 3.3318966620103105), (2.588717812309007, 3.3318966620103105)],
[(0.0, 0.0), (4.124557126118059, 0.0), (2.782015587703276, 2.4264321947798333), (1.668332501503345, 2.4264321947798333)],
[(0.0, 0.0), (3.3259147480632194, 0.0), (2.090323392535859, 3.550998754999199), (0.0, 3.550998754999199)],
[(0.0, 0.0), (3.413976451605285, 0.0), (2.826631390732161, 3.8842426936428716), (0.0, 3.8842426936428716)],
[(0.0, 0.0), (2.642192365277943, 0.0), (2.032595148314081, 3.503910212243926), (0.0, 3.503910212243926)],
[(0.0, 0.0), (4.40730030082009, 0.0), (3.576984609997367, 3.7642856677338714), (-0.39931329606942506, 3.7642856677338714)],
[(0.0, 0.0), (4.461165500431896, 0.0), (1.4315160052480338, 3.0978994716449213), (-0.35098827004876687, 3.0978994716449213)],
[(0.0, 0.0), (4.089228341993464, 0.0), (2.1542599021248816, 4.152608848105033), (-0.7028646011247045, 4.152608848105033)],
[(0.0, 0.0), (3.2882042273656666, 0.0), (3.868275793678457, 3.7569025314667654), (1.6441021136828333, 4.022770388614644), (-0.5800715663127903, 3.7569025314667654)],
[(0.0, 0.0), (1.88738928991377, 0.0), (2.9143260405090534, 1.87871854131138), (0.943694644956885, 3.4795074493586475), (-1.0269367505952833, 1.87871854131138)],
[(0.0, 0.0), (3.38997362658034, 2.120266564014549), (0.0, 3.340943825716156), (-3.38997362658034, 2.120266564014549)],
[(0.0, 0.0), (2.928078700760378, 3.871666206520517), (0.0, 5.929633639991165), (-2.928078700760378, 3.871666206520517)],
[(0.0, 0.0), (3.7407398774615124, 2.27473205558021), (0.0, 4.407747031001831), (-3.7407398774615124, 2.27473205558021)]
