[(0.0, 0.0), (5.41233057848108, 0.0), (5.41233057848108, 5.41233057848108), (0.0, 5.41233057848108)], 
[(0.0, 0.0), (7.397496724327665, 0.0), (7.397496724327665, 7.397496724327665), (0.0, 7.397496724327665)], 
[(0.0, 0.0), (7.326833407723781, 0.0), (7.326833407723781, 7.326833407723781), (0.0, 7.326833407723781)], 
[(0.0, 0.0), (6.271887706776013, 0.0), (6.271887706776013, 6.271887706776013), (0.0, 6.271887706776013)], 
[(0.0, 0.0), (7.6704713006055245, 0.0), (7.6704713006055245, 7.6704713006055245), (0.0, 7.6704713006055245)], 
[(0.0, 0.0), (7.434335469101823, 0.0), (7.434335469101823, 8.786721489399305), (0.0, 8.786721489399305)], 
[(0.0, 0.0), (5.7549314563030824, 0.0), (5.7549314563030824, 8.173347780189994), (0.0, 8.173347780189994)], 
[(0.0, 0.0), (6.921847488329408, 0.0), (6.921847488329408, 4.910475613553461), (0.0, 4.910475613553461)], 
[(0.0, 0.0), (11.816184990431314, 0.0), (7.95639231401079, -4.3470544996583325)], 
[(0.0, 0.0), (8.9199833558611, 0.0), (4.503565504167996, -11.637308720271548)], 
[(0.0, 0.0), (9.224098772479337, 0.0), (2.194497637653492, -9.357927630786534)], 
[(0.0, 0.0), (5.18312837385623, 0.0), (4.37056532877696, 7.112702697764703), (1.5983209682341095, 7.112702697764703)], 
[(0.0, 0.0), (8.651780360464668, 0.0), (7.638418048613419, 6.663793324020621), (5.177435624618014, 6.663793324020621)], 
[(0.0, 0.0), (8.249114252236119, 0.0), (5.564031175406552, 4.852864389559667), (3.33666500300669, 4.852864389559667)], 
[(0.0, 0.0), (6.651829496126439, 0.0), (4.180646785071718, 7.101997509998398), (0.0, 7.101997509998398)], 
[(0.0, 0.0), (6.82795290321057, 0.0), (5.653262781464322, 7.768485387285743), (0.0, 7.768485387285743)], 
[(0.0, 0.0), (5.284384730555886, 0.0), (4.065190296628162, 7.007820424487852), (0.0, 7.007820424487852)], 
[(0.0, 0.0), (8.81460060164018, 0.0), (7.153969219994734, 7.528571335467743), (-0.7986265921388501, 7.528571335467743)], 
[(0.0, 0.0), (8.922331000863792, 0.0), (2.8630320104960676, 6.195798943289843), (-0.7019765400975337, 6.195798943289843)], 
[(0.0, 0.0), (8.178456683986928, 0.0), (4.308519804249763, 8.305217696210066), (-1.405729202249409, 8.305217696210066)], 
[(0.0, 0.0), (6.576408454731333, 0.0), (7.736551587356914, 7.513805062933531), (3.2882042273656666, 8.045540777229288), (-1.1601431326255807, 7.513805062933531)], 
[(0.0, 0.0), (3.77477857982754, 0.0), (5.828652081018107, 3.75743708262276), (1.88738928991377, 6.959014898717295), (-2.0538735011905667, 3.75743708262276)], 
[(0.0, 0.0), (6.77994725316068, 4.240533128029098), (0.0, 6.681887651432312), (-6.77994725316068, 4.240533128029098)], 
[(0.0, 0.0), (5.856157401520756, 7.743332413041034), (0.0, 11.85926727998233), (-5.856157401520756, 7.743332413041034)], 
[(0.0, 0.0), (7.481479754923025, 4.54946411116042), (0.0, 8.815494062003662), (-7.481479754923025, 4.54946411116042)]