[(0.0, 0.0), (2.0296239669304046, 0.0), (2.0296239669304046, 2.0296239669304046), (0.0, 2.0296239669304046)],
[(0.0, 0.0), (2.7740612716228745, 0.0), (2.7740612716228745, 2.7740612716228745), (0.0, 2.7740612716228745)],
[(0.0, 0.0), (2.747562527896418, 0.0), (2.747562527896418, 2.747562527896418), (0.0, 2.747562527896418)],
[(0.0, 0.0), (2.351957890041005, 0.0), (2.351957890041005, 2.351957890041005), (0.0, 2.351957890041005)],
[(0.0, 0.0), (2.8764267377270714, 0.0), (2.8764267377270714, 2.8764267377270714), (0.0, 2.8764267377270714)],
[(0.0, 0.0), (2.787875800913184, 0.0), (2.787875800913184, 3.2950205585247394), (0.0, 3.2950205585247394)],
[(0.0, 0.0), (2.158099296113656, 0.0), (2.158099296113656, 3.0650054175712476), (0.0, 3.0650054175712476)],
[(0.0, 0.0), (2.5956928081235278, 0.0), (2.5956928081235278, 1.8414283550825479), (0.0, 1.8414283550825479)],
[(0.0, 0.0), (4.431069371411743, 0.0), (2.9836471177540465, -1.6301454373718747)],
[(0.0, 0.0), (3.3449937584479126, 0.0), (1.6888370640629984, -4.363990770101831)],
[(0.0, 0.0), (3.4590370396797514, 0.0), (0.8229366141200594, -3.5092228615449503)],
[(0.0, 0.0), (1.9436731401960863, 0.0), (1.63896199829136, 2.667263511661764), (0.5993703630877911, 2.667263511661764)],
[(0.0, 0.0), (3.2444176351742504, 0.0), (2.864406768230032, 2.4989224965077326), (1.9415383592317552, 2.4989224965077326)],
[(0.0, 0.0), (3.0934178445885445, 0.0), (2.086511690777457, 1.819824146084875), (1.2512493761275088, 1.819824146084875)],
[(0.0, 0.0), (2.4944360610474146, 0.0), (1.5677425444018942, 2.6632490662493993), (0.0, 2.6632490662493993)],
[(0.0, 0.0), (2.5604823387039635, 0.0), (2.1199735430491207, 2.9131820202321537), (0.0, 2.9131820202321537)],
[(0.0, 0.0), (1.9816442739584572, 0.0), (1.5244463612355608, 2.6279326591829446), (0.0, 2.6279326591829446)],
[(0.0, 0.0), (3.3054752256150675, 0.0), (2.6827384574980253, 2.8232142508004032), (-0.29948497205206875, 2.8232142508004032)],
[(0.0, 0.0), (3.345874125323922, 0.0), (1.0736370039360255, 2.3234246037336908), (-0.2632412025365752, 2.3234246037336908)],
[(0.0, 0.0), (3.066921256495098, 0.0), (1.615694926593661, 3.1144566360787747), (-0.5271484508435283, 3.1144566360787747)],
[(0.0, 0.0), (2.4661531705242496, 0.0), (2.9012068452588426, 2.817676898600074), (1.2330765852621248, 3.017077791460983), (-0.4350536747345927, 2.817676898600074)],
[(0.0, 0.0), (1.4155419674353276, 0.0), (2.1857445303817897, 1.4090389059835349), (0.7077709837176638, 2.6096305870189855), (-0.7702025629464624, 1.4090389059835349)],
[(0.0, 0.0), (2.5424802199352547, 1.5901999230109116), (0.0, 2.505707869287117), (-2.5424802199352547, 1.5901999230109116)],
[(0.0, 0.0), (2.196059025570283, 2.9037496548903876), (0.0, 4.447225229993374), (-2.196059025570283, 2.9037496548903876)],
[(0.0, 0.0), (2.805554908096134, 1.7060490416851573), (0.0, 3.3058102732513728), (-2.805554908096134, 1.7060490416851573)]
