[(0, 0), (6.7654132231013495, 0), (6.7654132231013495, 6.7654132231013495), (0, 6.7654132231013495)],
[(0, 0), (9.246870905409581, 0), (9.246870905409581, 9.246870905409581), (0, 9.246870905409581)],
[(0, 0), (9.158541759654726, 0), (9.158541759654726, 9.158541759654726), (0, 9.158541759654726)],
[(0, 0), (7.839859633470017, 0), (7.839859633470017, 7.839859633470017), (0, 7.839859633470017)],
[(0, 0), (9.588089125756905, 0), (9.588089125756905, 9.588089125756905), (0, 9.588089125756905)],
[(0, 0), (9.29291933637728, 0), (9.29291933637728, 10.983401861749131), (0, 10.983401861749131)],
[(0, 0), (7.193664320378853, 0), (7.193664320378853, 10.216684725237492), (0, 10.216684725237492)],
[(0, 0), (8.65230936041176, 0), (8.65230936041176, 6.138094516941827), (0, 6.138094516941827)],
[(0, 0), (14.770231238039143, 0), (9.945490392513488, -5.433818124572916)],
[(0, 0), (11.149979194826376, 0), (5.629456880209995, -14.546635900339435)],
[(0, 0), (11.530123465599171, 0), (2.7431220470668647, -11.697409538483168)],
[(0, 0), (6.478910467320288, 0), (5.4632066609712, 8.89087837220588), (1.997901210292637, 8.89087837220588)],
[(0, 0), (10.814725450580836, 0), (9.548022560766773, 8.329741655025776), (6.4717945307725175, 8.329741655025776)],
[(0, 0), (10.311392815295148, 0), (6.95503896925819, 6.066080486949583), (4.1708312537583625, 6.066080486949583)],
[(0, 0), (8.314786870158049, 0), (5.225808481339648, 8.877496887497998), (0, 8.877496887497998)],
[(0, 0), (8.534941129013212, 0), (7.0665784768304025, 9.710606734107179), (0, 9.710606734107179)],
[(0, 0), (6.6054809131948575, 0), (5.081487870785203, 8.759775530609815), (0, 8.759775530609815)],
[(0, 0), (11.018250752050225, 0), (8.942461524993417, 9.410714169334678), (-0.9982832401735626, 9.410714169334678)],
[(0, 0), (11.15291375107974, 0), (3.5787900131200847, 7.744748679112303), (-0.8774706751219172, 7.744748679112303)],
[(0, 0), (10.22307085498366, 0), (5.385649755312204, 10.381522120262582), (-1.7571615028117613, 10.381522120262582)],
[(0, 0), (8.220510568414166, 0), (9.670689484196142, 9.392256328666914), (4.110255284207083, 10.05692597153661), (-1.4501789157819758, 9.392256328666914)],
[(0, 0), (4.718473224784425, 0), (7.285815101272633, 4.69679635327845), (2.3592366123922126, 8.698768623396619), (-2.567341876488208, 4.69679635327845)],
[(0, 0), (8.47493406645085, 5.3006664100363725), (0, 8.35235956429039), (-8.47493406645085, 5.3006664100363725)],
[(0, 0), (7.320196751900944, 9.679165516301293), (0, 14.824084099977913), (-7.320196751900944, 9.679165516301293)],
[(0, 0), (9.351849693653781, 5.6868301389505245), (0, 11.019367577504577), (-9.351849693653781, 5.6868301389505245)]
