[(0.0, 0.0), (3.3827066115506748, 0.0), (3.3827066115506748, 3.3827066115506748), (0.0, 3.3827066115506748)],
[(0.0, 0.0), (4.623435452704791, 0.0), (4.623435452704791, 4.623435452704791), (0.0, 4.623435452704791)],
[(0.0, 0.0), (4.579270879827363, 0.0), (4.579270879827363, 4.579270879827363), (0.0, 4.579270879827363)],
[(0.0, 0.0), (3.9199298167350083, 0.0), (3.9199298167350083, 3.9199298167350083), (0.0, 3.9199298167350083)],
[(0.0, 0.0), (4.794044562878453, 0.0), (4.794044562878453, 4.794044562878453), (0.0, 4.794044562878453)],
[(0.0, 0.0), (4.64645966818864, 0.0), (4.64645966818864, 5.491700930874566), (0.0, 5.491700930874566)],
[(0.0, 0.0), (3.5968321601894266, 0.0), (3.5968321601894266, 5.108342362618746), (0.0, 5.108342362618746)],
[(0.0, 0.0), (4.32615468020588, 0.0), (4.32615468020588, 3.0690472584709134), (0.0, 3.0690472584709134)],
[(0.0, 0.0), (7.3851156190195715, 0.0), (4.972745196256744, -2.716909062286458)],
[(0.0, 0.0), (5.574989597413188, 0.0), (2.8147284401049975, -7.273317950169718)],
[(0.0, 0.0), (5.765061732799586, 0.0), (1.3715610235334323, -5.848704769241584)],
[(0.0, 0.0), (3.239455233660144, 0.0), (2.7316033304856, 4.44543918610294), (0.9989506051463185, 4.44543918610294)],
[(0.0, 0.0), (5.407362725290418, 0.0), (4.7740112803833865, 4.164870827512888), (3.2358972653862588, 4.164870827512888)],
[(0.0, 0.0), (5.155696407647574, 0.0), (3.477519484629095, 3.0330402434747916), (2.0854156268791813, 3.0330402434747916)],
[(0.0, 0.0), (4.157393435079024, 0.0), (2.612904240669824, 4.438748443748999), (0.0, 4.438748443748999)],
[(0.0, 0.0), (4.267470564506606, 0.0), (3.5332892384152013, 4.8553033670535894), (0.0, 4.8553033670535894)],
[(0.0, 0.0), (3.3027404565974288, 0.0), (2.5407439353926016, 4.3798877653049075), (0.0, 4.3798877653049075)],
[(0.0, 0.0), (5.509125376025112, 0.0), (4.471230762496709, 4.705357084667339), (-0.4991416200867813, 4.705357084667339)],
[(0.0, 0.0), (5.57645687553987, 0.0), (1.7893950065600424, 3.8723743395561514), (-0.4387353375609586, 3.8723743395561514)],
[(0.0, 0.0), (5.11153542749183, 0.0), (2.692824877656102, 5.190761060131291), (-0.8785807514058807, 5.190761060131291)],
[(0.0, 0.0), (4.110255284207083, 0.0), (4.835344742098071, 4.696128164333457), (2.0551276421035416, 5.028462985768305), (-0.7250894578909879, 4.696128164333457)],
[(0.0, 0.0), (2.3592366123922126, 0.0), (3.6429075506363167, 2.348398176639225), (1.1796183061961063, 4.3493843116983095), (-1.283670938244104, 2.348398176639225)],
[(0.0, 0.0), (4.237467033225425, 2.6503332050181863), (0.0, 4.176179782145195), (-4.237467033225425, 2.6503332050181863)],
[(0.0, 0.0), (3.660098375950472, 4.839582758150646), (0.0, 7.4120420499889565), (-3.660098375950472, 4.839582758150646)],
[(0.0, 0.0), (4.675924846826891, 2.8434150694752622), (0.0, 5.509683788752288), (-4.675924846826891, 2.8434150694752622)]
